yearquar year quarter accidents persons trafinx
87.00     87      1      57      77     100 
87.25     87      2      88     115     119 
87.50     87      3      88     126     127 
87.75     87      4      66      77     117 
88.00     88      1      67      95     111 
88.25     88      2      96     143     126 
88.50     88      3      93     140     130 
88.75     88      4      74      99     120 
89.00     89      1      54      75     117 
89.25     89      2      83     117     130 
89.50     89      3      91     135     134 
89.75     89      4      87     121     123 
90.00     90      1      59      75     120 
90.25     90      2     107     147     132 
90.50     90      3      83     107     139 
